00000102800000
00000101100000
00000110000000
00000103400000
00000104000000
15097790000000
00079760700000
00000106300000
08006545400000
00079762000000
00000106300000
00000108600000
00000109200000
00079763600000
00000111700000
00079760700000
00000114600000
00000115200000
00079765900000
00000116900000
00068762300000
14018358400000
00079767100000
00000111700000
00079768800000
00079770200000
00000118100000
00000115200000
00000101100000
00079773100000
00000121200000
00000112300000
00000120600000
65018683700000
01571053700000
01744521700000
36950310000000
01300843100000
47293434600000
01213749700000
00051437700000
01751157500000
02086062600000
19301788700000
11071814600000
19301788700000
19301788700000
65154681200000
19301788700000
05223200000000
19301788700000
01568798500000
51004455700000
01529462000000
01751334400000
00086159300000
01618244800000
01742760400000
01329866000000
01227609800000
01041542000000
01497481400000
00033150100000
00102112200000
00102110000000
00102119700000
00102123400000
00102124000000
00102127000000
00102287700000
00102291400000
00102086100000
00102086100000
00102300300000
00102080300000
00102110000000
00102088400000
00102289000000
00102086100000
00014379700000
26005364400000
00014373900000
51063603900000
16000164000000
65096509100000
00102080300000
00014382800000
00014382800000
89042350100000
36445441400000
00017340400000
01213749700000
01300843100000
01329210700000
05062339200000
09236418200000
27307306500000
15140384400000
27307302000000
19112350400000
19112350400000
21097104300000
00017513600000
25073317000000
27307296000000
00091545500000
35013258400000
00091545500000
61094636300000
00017358000000
27628000800000
00017359700000
53141957000000
27627445600000
59065351200000
63127637000000
61094636300000
67012799000000
71158655000000
27627619400000
27307278100000
61094636300000
81170008900000
77098318200000
00091545500000
27307254500000
89072244500000
95037154800000
47207183300000
81176770000000
27627389900000
61094636300000
93193894900000
00091545500000
43068905200000
05025282000000
35156040200000
09136215200000
27627239700000
43068905200000
27307305900000
15152606700000
35156040200000
17081807100000
19123609400000
19123609400000
19123609400000
21022150800000
00017513600000
27627239700000
35156040200000
35156040200000
35156040200000
63070341000000
29072786900000
35156040200000
19123609400000
35156040200000
35156040200000
35156040200000
63070341000000
43068905200000
27627239700000
35156040200000
51006478400000
53112570400000
35156040200000
27627239700000
01213749700000
63070341000000
36323234400000
67089737900000
67089737900000
27627239700000
35156040200000
69031697000000
19123609400000
27627619400000
35156040200000
35156040200000
35156040200000
35156040200000
81090304000000
01213749700000
35156040200000
35156040200000
00091545500000
35156040200000
35156040200000
35156040200000
36309826500000
21022150800000
47075497600000
35156040200000
27627239700000
19123609400000
93015621600000
19123609400000
00125673000000
67023024400000
05061623900000
43102919700000
85166521000000
23082669600000
53141967600000
75073202400000
79067605600000
81176307800000
35700155000000
55067094400000
07219138900000
97794752700000
79067605600000
89072368600000
85166530900000
79067608500000
71158657300000
00059838000000
57079798800000
61094624500000
61094624500000
79067605600000
01329884800000
63128465800000
81176733700000
81176308400000
67023038500000
79067602700000
95037146500000
09236356700000
51075052200000
25070173700000
81176736600000
19112374000000
29070785500000
53141964700000
55067089000000
33095946000000
79067605600000
53141960100000
11020021900000
25065942600000
79067605600000
61094621600000
17081815400000
53141963000000
25064724500000
51075077500000
89072367000000
01329867600000
65090312100000
23082642000000
43102934600000
39068157800000
55067106200000
29070788400000
93194999900000
51075059700000
35156873400000
13038252900000
09236267400000
53141959300000
17081814800000
01329857000000
63127684800000
53141958700000
63127663000000
79067603300000
15140387300000
35700153700000
59065335700000
43102919700000
29070789000000
25062915800000
51075065700000
01329856400000
01329961200000
79067605600000
81176969000000
01618180000000
53141965300000
55067094400000
27307291800000
13038243000000
79067602700000
13038241700000
27307288700000
03023862300000
43102938100000
83041367900000
79067602700000
75015195900000
05062424000000
83041359600000
29070791500000
19112394100000
53141962400000
07219153800000
21046705000000
33095808700000
51075082900000
67022959000000
21097106600000
19112389800000
59065348100000
09236317100000
79067605600000
37103661900000
33095880000000
27307250000000
97118740000000
01329881900000
51143360500000
49189860900000
27307232100000
47207226400000
23082647200000
39068215800000
00513056900000
71162044200000
79067605600000
55067089000000
63127364300000
63127679400000
97794752700000
79067605600000
55067089000000
79067602700000
97118365500000
09236635300000
79067605600000
07219142600000
39068126500000
47075497600000
01212648200000
09136215200000
79067602700000
51006478400000
59064842200000
35108157000000
81090304000000
05061623900000
01213749700000
43068905200000
85166521000000
01213749700000
17081808800000
87112392300000
53141967600000
85166520300000
01213749700000
29072786900000
19123609400000
35108157000000
09136215200000
09235123900000
81090304000000
35700155000000
01213749700000
53112570400000
63070341000000
19123609400000
33096362200000
89072368600000
85166530900000
69031697000000
51006478400000
01213749700000
51006478400000
63127620000000
81176306100000
09136215200000
35108157000000
61094644600000
63070341000000
01212648200000
63127688300000
81090304000000
81176308400000
67023038500000
01213749700000
01213749700000
53112570400000
05025282000000
95037146500000
09136215200000
51006478400000
01213749700000
69031697000000
35108157000000
69031697000000
29072786900000
81090304000000
23082667300000
19112374000000
29070785500000
53141964700000
19123609400000
45067107100000
67023036200000
33095946000000
29072786900000
41105049700000
01213749700000
35108157000000
53141960100000
11020021900000
43102933000000
63070341000000
97077819700000
47075497600000
17081815400000
53112570400000
51075077500000
15140386700000
89072367000000
01212648200000
01213749700000
51006478400000
01213749700000
09136215200000
67089737900000
65090312100000
01213749700000
43068905200000
93015621600000
43068905200000
23082703000000
77098169700000
17075201800000
35108157000000
00125435200000
01213749700000
93194999900000
05025282000000
01209307300000
71158653800000
09236154500000
05066369300000
51006478400000
01213749700000
05025282000000
19123609400000
09236267400000
01213749700000
51006478400000
83041368500000
63070341000000
17081814800000
05025282000000
51006478400000
05025282000000
05025282000000
53112570400000
63127663000000
05025282000000
01213749700000
53112570400000
35700153700000
29072786900000
05025282000000
53112570400000
29070789000000
67089737900000
25062915800000
25085477700000
51006478400000
01213749700000
93195010000000
01213749700000
47075497600000
47075497600000
01212648200000
57029066300000
51006478400000
05025282000000
63070341000000
47075497600000
81090304000000
93015621600000
35108157000000
19123609400000
01212648200000
67089737900000
69031697000000
67089737900000
27020829200000
43068905200000
67089737900000
81090304000000
67089737900000
27020829200000
47075497600000
43068905200000
63070341000000
47075497600000
69031697000000
09136215200000
29072786900000
69031697000000
05025282000000
05025282000000
47075497600000
29072786900000
67089737900000
67089737900000
05025282000000
69031697000000
29072786900000
81090304000000
19123609400000
53112570400000
93015621600000
69031697000000
21022150800000
63070341000000
81090304000000
51006478400000
09136215200000
81090304000000
21022150800000
63070341000000
27020829200000
19123609400000
47075497600000
93015621600000
09136215200000
63070341000000
69031697000000
35108157000000
81090304000000
19123609400000
35108157000000
47075497600000
27020829200000
63070341000000
01212648200000
93015621600000
05025282000000
67089737900000
09136215200000
63070341000000
51006478400000
67089737900000
35108157000000
05025282000000
27020829200000
47075497600000
47075497600000
93015621600000
67089737900000
93015621600000
93015621600000
63070341000000
47075497600000
69031697000000
81090304000000
43068905200000
05025282000000
47075497600000
63070341000000
63070341000000
93015621600000
93015621600000
43068905200000
21022150800000
09136215200000
21022150800000
21022150800000
67089737900000
27020829200000
63070341000000
21022150800000
29072786900000
01212648200000
01212648200000
01212648200000
01212648200000
01212648200000
01212648200000
01212648200000
00017354500000
00017356800000
21003773300000
00017357400000
00017365700000
35013258400000
00017358000000
00017359700000
00017369200000
00068449300000
00086788000000
00017362800000
00059838000000
00017351600000
47006383500000
00017364000000
05025282000000
09136215200000
19123609400000
21022150800000
27020829200000
26067392100000
35108157000000
43068905200000
51006478400000
53112570400000
63070341000000
69031697000000
81090304000000
47075497600000
93015621600000
67089737900000
36606351100000
36830257500000
00051423600000
00647300100000
00647302400000
00647307600000
00647308200000
00647311300000
00647312000000
00647315900000
00647320200000
00647326000000
00647327700000
00647335000000
00647338900000
00647344900000
00647293500000
00647324800000
00647350900000
00051429400000
21046708900000
01327262000000
00051417600000
36320961200000
14588148800000
14214358300000
36320961200000
00000221700000
14031558300000
36318962500000
36319036700000
36319036700000
14031558300000
00106485800000
106485800000
00027406800000
14053315600000
01487280600000
36926736100000
01572593500000
01572593500000
00006388000000
36926736100000
36926736100000
14021714200000
14021714200000
00647265100000
00017791600000
00031915000000
00028798700000
38438142100000
19024177900000
00000100500000
11012056100000
97059875600000
01578304500000
00000122900000
19192078400000
81192678700000
38218358500000
00033224500000
00033224500000
00033224500000
00033224500000
00033224500000
00033224500000
00033224500000
00033224500000
00033224500000
00033224500000
00033224500000
38154261600000
00033268200000
00033265300000
00033264700000
00033261800000
00033263000000
00064978100000
01079328600000
00033267600000
00033262400000
00033270700000
00033269900000
00051432500000
00090747300000
00051434800000
05044003600000
00051421300000
00051424200000
83041421300000
93197008300000
11020034300000
43103111300000
71158695200000
85166546200000
91087230700000
95043660900000
97119689900000
27629734500000
05066750900000
87113901900000
45069106200000
79073141800000
01499085900000
15140581400000
27629734500000
27625535800000
25086436200000
29106911500000
37045116700000
39068601500000
41110866000000
49194346800000
51082462800000
63128262000000
65090330000000
27628908000000
69058786400000
77098363800000
19168667300000
33097934000000
07230607100000
35159537500000
49194074800000
63966975400000
47207734000000
01497481400000
31102318000000
00057959500000
19222046800000
87112462100000
87117482000000
79073102200000
59065384800000
67194185200000
33097279100000
05066753800000
05066749000000
27629230700000
95037160800000
85166544000000
23082680000000
51083463800000
87113925500000
53142139000000
85166532100000
75073329400000
37044876800000
29103914300000
09249351900000
27628914000000
09245924400000
57079835000000
09236728100000
27628972000000
35701398300000
13038247500000
07219579500000
57080087400000
33098191000000
21102210700000
13038265300000
89072425000000
27629714400000
85166527800000
85166558000000
51082033000000
71164375600000
51082029200000
63128396600000
87112767700000
49195657700000
61094686000000
41111032500000
45069103300000
63128574100000
81178427000000
81178655300000
39068420000000
05066752100000
95037165000000
09238004000000
51074246800000
83041403500000
25086480100000
27656507600000
37045006700000
29103026000000
25086443900000
81182046800000
29106911500000
69058772300000
31102293700000
31102318000000
33097934000000
67023074100000
33097258400000
29102852400000
09249351900000
55067139800000
35157627700000
55067139800000
43102957600000
25086507700000
37045116700000
97119404400000
61094683100000
25086528400000
55067139800000
89072412500000
87113901900000
39068601500000
55067139800000
41110866000000
55067139800000
51075101300000
49194132800000
87117482000000
55067139800000
65090323300000
21046748000000
21046748000000
21046748000000
43102954700000
55067139800000
27656507600000
17081821400000
55067139800000
55067139800000
27656507600000
55067139800000
55067139800000
71158654400000
09238174300000
05066800600000
51075145000000
15140580800000
55067139800000
35157891600000
81179019300000
87117482000000
55067139800000
55067139800000
97120011200000
01330448300000
55067139800000
63128264200000
53142135400000
63128572900000
55067139800000
55067139800000
55067139800000
51082462800000
83041365600000
59065418000000
53142140800000
43101943100000
51084730000000
51084730000000
25086404300000
55067146400000
25086446800000
51084730000000
01330244900000
93195076100000
53142133100000
47207214600000
15140574800000
01330477300000
27656507600000
55067139800000
59065524400000
51081898700000
55067139800000
25086415500000
73093980600000
81186586700000
55067139800000
19168667300000
53142133100000
53142134800000
77098360900000
35156849600000
19222046800000
55067139800000
55067139800000
55067139800000
27629195700000
43102955300000
13038236300000
61103835000000
13038259300000
27629004700000
67023085300000
67023085300000
03023942700000
41039052900000
69058641600000
27629274400000
55067139800000
91087221800000
69058786400000
83041355000000
37044984500000
71158696900000
55067139800000
55067139800000
61094688300000
29102240900000
75015258000000
01497931000000
05066779700000
27628846400000
83041401200000
29102667200000
81179750000000
19168652600000
29102856000000
93195061400000
69058782900000
21046748000000
63128385400000
81176903000000
51084729100000
19305617200000
09237764100000
55067139800000
87117482000000
31102351700000
83041407000000
85166538000000
27628521800000
19168666700000
59065412100000
59065412100000
87113901900000
87117482000000
87117482000000
27629392700000
35700643400000
55067139800000
19168656100000
55067139800000
87117482000000
51082462800000
01498345700000
55067139800000
45069127000000
55066846200000
87112472700000
55067139800000
27629015900000
49190235700000
55067139800000
47207213000000
23082709800000
97119689900000
89072394700000
55067139800000
55067139800000
67023085300000
55067139800000
53142136000000
01330448300000
81176903000000
53142137700000
81176903000000
55067139800000
73094050200000
21046748000000
47207459900000
45069099600000
75015197100000
75015197100000
43102970200000
63128430000000
89072418300000
43102997800000
89072418300000
09237764100000
55067139800000
55067139800000
27629017100000
13038384200000
01600356900000
07219157300000
29105822900000
01621605800000
91087007600000
79073102200000
51084791900000
59065342300000
03023972300000
67198550700000
51075044000000
05066753800000
05066564000000
07226931200000
95037152500000
85166510800000
51075044000000
17081800700000
87113925500000
53142106400000
85166511400000
18035512000000
29994327300000
00009246200000
51075044000000
27628490500000
11020027700000
87112471000000
57079816600000
09236429400000
81177040500000
27628539400000
13038249800000
07219579500000
85166510800000
51075044000000
17081800700000
87113925500000
53142106400000
85166511400000
18035512000000
29994327300000
00009246200000
51075044000000
27628490500000
11020027700000
87112471000000
57079816600000
09236429400000
81177040500000
27628539400000
13038249800000
07219579500000
57079813700000
15140578300000
77098313000000
13038265300000
89072397600000
85166512000000
85166513700000
51075044000000
79067561900000
00010966500000
19170446000000
51082029200000
27628563200000
63127630500000
81176947700000
87112450300000
49189869600000
21046719000000
51075044000000
79067588400000
45069103300000
63128242900000
87112447200000
81176910600000
81178655300000
67023076400000
23082649500000
39068420000000
51075044000000
51075044000000
95037147100000
09236145600000
51075044000000
83041357300000
25086405000000
65090318000000
39070481300000
37044516100000
23082649500000
29994326700000
00060089800000
81182046800000
51075044000000
19170555400000
00009247900000
29115176200000
29994324400000
53142144300000
83120389500000
31102293700000
45069126300000
31102318000000
33095885100000
67023052800000
33095930700000
29994356300000
41039050600000
19168676200000
00059728000000
53142103500000
11020032000000
43102921100000
25086403700000
37044543900000
97118390000000
61094683100000
17081803600000
51075044000000
25086401400000
51075044000000
15140568800000
89072401300000
39065032000000
37103525800000
41039048100000
69058643900000
51074693400000
49189871000000
91087012000000
67289180800000
65090316700000
23082636000000
43102925700000
39065050800000
43102915100000
15140564200000
2308266800000
77098309300000
55067085500000
17081804200000
29994335600000
69058644500000
93195276000000
63447160000000
21046737900000
00010971900000
09238174300000
45070810100000
51075070000000
15140563600000
81177190700000
13038225100000
09250268400000
53142099800000
51075031500000
83041384000000
97118887100000
17081811900000
01484089300000
87112431900000
49189866700000
49189872700000
63127762900000
53142109300000
63127687700000
51950279000000
93195053100000
15140589500000
27628538800000
51075067000000
83041356700000
59065357000000
53142113000000
43102914500000
29108216200000
55067086100000
25086399000000
55067100400000
25086402000000
51075033800000
01330088700000
93195030100000
07219147800000
47206082900000
03023860000000
01484428200000
57079795900000
59065336300000
79067562500000
29113861000000
25086408900000
73158655700000
39071089000000
63127703200000
35156849600000
53142129400000
19253064800000
01416290900000
55067098000000
65090319600000
65090317300000
67197817000000
27628573800000
19170563700000
43102928600000
13038235700000
81177475100000
61094632800000
13038237000000
27628510600000
00068099200000
59065377100000
91087008200000
03023881800000
41039052900000
75015191300000
69058641600000
27628496300000
43102922800000
91087006000000
69058645100000
83041355000000
37044503700000
79067559400000
00010982000000
05066563400000
00064630500000
61094627400000
29114146200000
00065318500000
75015193600000
00010984300000
05066704700000
83046100000000
29994325000000
81177748800000
19168650300000
83041353800000
97131002000000
53142101200000
93195079000000
37048680000000
21106329900000
79067558800000
63127694300000
81177171200000
33095970900000
51075044000000
09236150000000
33099384700000
21046728000000
31106014500000
77098308700000
83041351500000
85166512000000
27628526000000
19170566600000
95037153100000
59065334000000
87112494000000
93196178200000
09238281400000
31106022800000
27628583300000
37048565700000
07219143200000
01330118300000
89072398200000
33096041100000
19170333100000
35712038300000
73093861700000
41114108200000
93195819400000
45067240300000
55067099600000
87112459000000
57079799400000
51950357000000
00010985000000
45067241000000
95037148800000
27628479100000
47206226000000
23082635400000
97118739200000
67023068100000
89072399900000
39070681200000
57079814300000
73093860000000
69177053000000
81242432600000
47207175000000
45067248400000
71166505400000
75015192000000
00011230200000
43119941000000
63127878700000
63127717300000
93195085000000
89072396000000
43119845100000
81177171200000
97118391600000
09236667200000
81177469100000
97130693900000
09236147900000
13043948800000
75015190700000
07219149000000
08021125200000
93195087300000
63127658700000
91087011300000
11020013600000
29113783900000
20024024100000
34051783700000
22070075000000
08029670000000
24105194700000
26026222400000
12080353600000
06041827600000
28034444900000
16022131700000
30097592700000
18037836800000
32059057700000
14162913100000
10059875000000
02086062600000
19053664100000
36830257500000
35711356100000
00007924300000
81251951200000
01618399100000
93210105300000
01751079400000
19002759500000
29001791000000
63201317000000
00059065100000
63201317000000
47001432800000
01526681200000
00014500000000
00014501700000
00014502300000
00621278900000
00033225100000
01272644300000
01524960100000
00033154700000
00033155300000
00033157600000
00033158200000
00033159900000
00033161300000
00033163600000
00033165900000
00033166500000
00033167100000
00033168800000
00033169400000
00033152400000
00033172500000
00033153000000
00033171900000
01548143300000
01082809100000
01731501200000
01205270800000
00701700900000
00701701500000
00068699000000
00701702100000
01179110200000
00701699000000
51020760500000
00051431900000
00051433100000
05005295000000
09011500300000
19007523000000
21004549000000
27014043000000
29003613100000
35013586100000
43010158000000
51004455700000
53059779500000
63211094300000
69006955000000
81011230900000
01003442200000
93007705000000
00013680500000
00013681100000
00013682800000
21038261900000
00013683400000
00013684000000
00013686300000
00013687000000
00013689200000
00013690000000
00013691700000
00013692300000
00013693000000
00013694600000
00013688600000
00013695200000
05214266200000
09308171800000
00005388700000
27792173900000
00005390100000
09308171800000
00005393000000
00005395300000
00005396000000
00005397600000
00005398200000
00005399900000
00005400700000
97800992000000
00005394700000
00005401300000
05066583500000
09249351900000
19170327100000
21097087100000
27628535900000
29102684400000
35156983400000
43102750200000
51075092400000
53150262100000
63127057300000
69063939000000
81178478400000
01329960600000
47206102000000
93195049400000
05211961100000
09303487700000
00063242100000
00058035100000
27779971200000
29264753100000
00009379200000
85261946400000
00056564700000
51145144800000
53230708600000
63429840200000
69167068500000
01751334400000
47296702100000
93279115800000
00016229200000
00016230000000
00016231700000
27109618000000
29001235000000
00016264200000
00016236900000
00016238100000
00016239800000
00016240600000
00016241200000
00016242900000
00016226300000
97118360300000
47055187100000
93102026900000
05202643000000
09299441100000
19264110600000
21120874000000
27771549000000
29245856300000
35638466000000
43232318300000
51144034400000
53223730000000
63428313900000
01749634400000
69157751400000
81243457200000
47295880300000
93272117500000
05066499400000
00009246200000
00009289300000
00009247900000
00009308800000
00059728000000
00009264000000
00009266300000
00009313100000
00009297600000
81177171200000
00009317700000
00009251600000
00009268600000
37044353500000
71158660400000
20068982800000
34126041200000
22160123400000
24283722000000
18069282800000
35005870600000
43024285900000
28060368400000
24076379800000
30206765400000
69023261200000
81009202100000
01021033300000
08051914500000
10106725600000
93283113600000
00234871800000
00311311800000
27150106000000
00368801400000
00391521400000
00420252200000
00446208000000
00452978900000
00484781600000
00507870000000
00548392500000
00051423600000
00637435100000
00610698100000
00434370200000
00602174700000
01021033300000
01021033300000
01021033300000
01021033300000
20068982800000
20068982800000
24076379800000
93283113600000
34090727700000
02062570100000
18069282800000
34126041200000
24076379800000
43024285900000
24283722000000
01316072000000
19028633900000
28138539600000
28060211800000
71003764000000
22160123400000
22160123400000
28060211800000
24283722000000
08052101800000
34090727700000
93283113600000
34090172500000
69023261200000
31018885400000
24076379800000
18069282800000
31018885400000
32120312800000
12143478500000
24076379800000
02062570100000
63438647700000
51028557400000
43024285900000
22160123400000
18069282800000
71003764000000
69023261200000
35005870600000
35013887100000
30206765400000
28060368400000
24076379800000
28060368400000
35005870600000
30206765400000
30206765400000
06145692000000
01316072000000
14267631600000
24076379800000
18069037300000
18069282800000
18069037300000
7100376400000
73009757200000
10106725600000
32098789500000
28060211800000
32098789500000
32099164900000
221601123400000
35005870600000
10106725600000
09010521700000
24283722000000
43024285900000
08051914500000
10106725600000
20068982800000
02150908400000
93283113600000
34090172500000
00033224500000
00051435400000
01132013000000
00017340400000
00430800200000
27315915700000
00051425900000
00051426500000
